# Experiment 1: Row Size Boundary Detection
# Burst=16 pipelined reads, stride sweep
# stride_bytes  median_cycles  mean_cycles  stddev  min  max  cycles_per_read
64  769  769  0  769  769  48.0625
320  769  769.75  3.07205  761  777  48.0625
576  785  785.031  0.173993  785  786  49.0625
832  801  801  0  801  801  50.0625
1088  817  809.25  16.791  769  825  51.0625
1344  801  801  0  801  801  50.0625
1600  761  770.25  23.3332  761  849  47.5625
1856  761  764.031  7.13041  761  793  47.5625
2112  785  785  0  785  785  49.0625
2368  769  769  0  769  769  48.0625
2624  809  807.5  5.80948  801  833  50.5625
2880  793  804.25  30.4539  785  873  49.5625
3136  769  769  0  769  769  48.0625
3392  785  785.031  0.173993  785  786  49.0625
3648  761  762  5.56776  761  793  47.5625
3904  785  785.5  1.93649  785  793  49.0625
4160  761  765.281  16.6043  761  849  47.5625
4416  785  807.5  24.774  785  865  49.0625
4672  785  807  23.7487  785  849  49.0625
4928  825  807.531  22.6357  785  833  51.5625
5184  785  803.25  21.9303  785  833  49.0625
5440  761  766.25  16.9245  761  849  47.5625
5696  785  799.281  29.3612  785  897  49.0625
5952  761  769.25  27.8197  761  913  47.5625
6208  785  787  7.48331  785  825  49.0625
6464  761  766.5  17.1391  761  849  47.5625
6720  785  792.25  22.835  785  897  49.0625
6976  785  800.5  33.3429  785  897  49.0625
7232  785  791.5  21.7658  785  897  49.0625
7488  785  787  7.48331  785  825  49.0625
7744  785  789.75  15.7301  785  865  49.0625
8000  785  785.5  1.93649  785  793  49.0625
8256  785  802.75  22.1571  785  833  49.0625
8512  785  801  18.3303  785  825  49.0625
8768  785  801.281  21.1885  785  833  49.0625
9024  785  785  0  785  785  49.0625
9280  785  785.031  0.173993  785  786  49.0625
9536  785  787  6.63325  785  817  49.0625
9792  785  785  0  785  785  49.0625
10048  785  804  21.7945  785  833  49.0625
10304  785  793.5  17.9931  785  841  49.0625
10560  785  805  36.0555  785  873  49.0625
10816  785  785  0  785  785  49.0625
11072  785  785  0  785  785  49.0625
11328  785  785.75  4.17582  785  809  49.0625
11584  785  792.531  41.753  785  1025  49.0625
11840  785  785  0  785  785  49.0625
12096  785  787.75  9.07951  785  833  49.0625
12352  785  788.5  11.6512  785  833  49.0625
12608  785  791.5  16.7854  785  849  49.0625
12864  785  803.5  22.4889  785  833  49.0625
13120  785  816.75  99.9096  785  1361  49.0625
13376  785  791.5  19.3326  785  865  49.0625
13632  785  805.75  22.5264  785  833  49.0625
13888  785  794.781  36.7472  785  937  49.0625
14144  785  805.75  22.3481  785  833  49.0625
14400  785  799.25  25.5135  785  865  49.0625
14656  785  804.5  40.4938  785  937  49.0625
14912  785  791  15.2315  785  833  49.0625
15168  785  785.031  0.173993  785  786  49.0625
15424  785  785  0  785  785  49.0625
15680  785  785.5  1.93649  785  793  49.0625
15936  785  785  0  785  785  49.0625
16192  785  788  9.11043  785  825  49.0625
16448  785  801.25  18.7066  785  833  49.0625
16704  785  801.75  18.3695  785  825  49.0625
16960  785  802.25  18.7733  785  833  49.0625
17216  785  785  0  785  785  49.0625
17472  785  796.531  19.4695  785  833  49.0625
17728  785  785  0  785  785  49.0625
17984  825  808.25  23.4401  785  841  51.5625
18240  785  785  0  785  785  49.0625
18496  785  788.75  12.163  785  833  49.0625
18752  825  807.75  22.9006  785  833  51.5625
19008  825  807.75  22.9006  785  833  51.5625
19264  785  793.5  21.1601  785  865  49.0625
19520  785  785.031  0.173993  785  786  49.0625
19776  785  785.5  2.78388  785  801  49.0625
20032  785  785.75  3.07205  785  801  49.0625
20288  785  785.031  0.173993  785  786  49.0625
20544  785  806.75  40.1116  785  897  49.0625
20800  785  789.281  10.5689  785  825  49.0625
21056  785  785  0  785  785  49.0625
21312  785  785.031  0.173993  785  786  49.0625
21568  785  786.531  4.20553  785  801  49.0625
21824  785  786.5  5.07445  785  809  49.0625
22080  785  785  0  785  785  49.0625
22336  785  785.75  4.17582  785  809  49.0625
22592  785  785.031  0.173993  785  786  49.0625
22848  785  808.5  28.9784  785  913  49.0625
23104  785  785  0  785  785  49.0625
23360  785  793  19.8997  785  849  49.0625
23616  785  788.75  11.6592  785  833  49.0625
23872  785  785  0  785  785  49.0625
24128  785  788.25  12.6269  785  841  49.0625
24384  785  806.75  23.3439  785  841  49.0625
24640  785  785  0  785  785  49.0625
24896  785  797.75  32.6717  785  897  49.0625
25152  785  785.781  3.06935  785  801  49.0625
25408  785  785  0  785  785  49.0625
25664  785  785  0  785  785  49.0625
25920  785  803.781  36.6237  785  889  49.0625
26176  785  802.25  34.4157  785  889  49.0625
26432  785  787  7.2111  785  825  49.0625
26688  785  793.25  19.0247  785  857  49.0625
26944  785  785.25  1.39194  785  793  49.0625
27200  785  786  3.31662  785  801  49.0625
27456  785  785.75  3.07205  785  801  49.0625
27712  785  796.5  37.5733  785  937  49.0625
27968  785  792.75  16.9097  785  833  49.0625
28224  785  801.5  18.4323  785  825  49.0625
28480  785  800.25  21.2941  785  833  49.0625
28736  785  788.75  12.163  785  833  49.0625
28992  785  785  0  785  785  49.0625
29248  785  785  0  785  785  49.0625
29504  785  802.5  36.6299  785  897  49.0625
29760  785  785  0  785  785  49.0625
30016  785  795  40.5463  785  993  49.0625
30272  785  785.031  0.173993  785  786  49.0625
30528  785  785.031  0.173993  785  786  49.0625
30784  817  817  55.6776  793  1121  51.0625
31040  786  806.781  23.656  785  849  49.125
31296  801  800  14.1067  785  825  50.0625
31552  785  798.031  20.3523  785  833  49.0625
31808  785  785.75  2.33184  785  793  49.0625
32064  785  785.031  0.173993  785  786  49.0625
32320  785  800  20.8567  785  833  49.0625
32576  785  793.031  12.9433  785  817  49.0625
2112  785  785  0  785  785  49.0625
2176  785  788.5  19.4872  785  897  49.0625
2240  785  785.25  1.39194  785  793  49.0625
2304  785  785.25  1.39194  785  793  49.0625
2368  769  769  0  769  769  48.0625
2432  769  769  0  769  769  48.0625
2496  794  795.531  35.1799  761  833  49.625
2560  801  803.531  3.75819  801  810  50.0625
2624  809  805.5  3.96863  801  809  50.5625
2688  801  802.5  3.1225  801  809  50.0625
2752  793  791.5  3.1225  785  793  49.5625
2816  793  791.781  4.47726  785  801  49.5625
2880  793  791.75  3.52668  785  801  49.5625
2944  761  761.25  1.39194  761  769  47.5625
3008  769  797.5  31.1729  761  833  48.0625
3072  769  769.25  1.39194  769  777  48.0625
3136  769  769  2  761  777  48.0625
